	101	
	102	
	103	
	124	
	124	
	165	
	171	
	126	
	191	
	185	
	178	
	177	
	185	
	180	
	166	
	163	
	141	
	117	
	210	
	207	
	158	
	158	
	184	
	189	
	183	
	185	
	184	
	180	
	189	
	234	
	234	
	192	
	192	
	213	
	214	
	220	
	221	
	211	
	198	
	182	
	142	
	194	
	194	
	193	
	165	
	166	
	183	
	202	
	204	
	230	
	230	
	237	
	239	
	123	
	96	
	110	
	124	
	124	
	144	
	143	
	159	
	180	
	176	
	161	
	157	
	208	
	209	
	209	
	216	
	220	
	219	
	214	
	220	
	210	
	182	
	219	
	216	
	210	
	211	
	195	
	196	
	196	
	190	
	178	
	177	
	170	
	177	
	177	
	177	
	179	
	186	
	209	
	206	
	171	
	173	
	172	
	177	
	170	
	142	
	190	
	191	
	186	
	187	
	149	
	150	
	157	
	168	
	181	
	154	
	166	
	165	
	166	
	164	
	166	
	168	
	152	
	131	
	159	
	159	
	142	
	163	
	173	
	174	
	169	
	188	
	188	
	207	
	212	
	218	
	218	
	213	
	213	
	194	
	190	
	182	
	182	
	208	
	203	
	201	
	212	
	126	
	126	
	116	
	119	
	155	
	162	
	129	
	133	
	186	
	191	
	187	
	183	
	186	
	187	
	160	
	144	
	171	
	172	
	177	
	179	
	180	
	174	
	173	
	189	
	182	
	175	
	189	
	217	
	216	
	211	
	217	
	216	
	206	
	197	
	198	
	198	
	209	
	160	
	205	
	192	
	189	
	186	
	149	
	249	
	246	
	184	
	249	
	248	
	147	
	192	
	192	
	221	
	223	
	198	
	200	
	198	
	189	
	190	
	179	
	178	
	161	
	135	
	209	
	236	
	239	
	231	
	227	
	237	
	247	
	246	
	245	
	220	
	221	
	180	
	172	
	190	
	188	
	183	
	182	
	198	
	191	
	117	
	117	
	131	
	152	
	182	
	175	
	168	
	183	
	182	
	150	
	199	
	203	
	207	
	204	
	168	
	167	
	162	
	167	
	166	
	152	
	151	
	134	
	137	
	135	
	139	
	148	
	172	
	187	
	188	
	184	
	185	
	205	
	204	
	197	
	172	
	197	
	186	
	113	
	138	
	139	
	149	
	175	
	174	
	173	
	205	
	204	
	186	
	185	
	185	
	185	
	170	
	155	
	208	
	192	
	182	
	175	
	175	
	175	
	174	
	174	
	172	
	172	
	182	
	182	
	145	
	146	
	116	
	107	
	178	
	153	
	121	
	175	
	175	
	195	
	191	
	191	
	192	
	238	
	248	
	250	
	231	
	137	
	137	
	163	
	174	
	118	
	148	
	170	
	186	
	186	
	185	
	176	
	173	
	140	
	189	
	182	
	184	
	184	
	136	
	128	
	196	
	146	
	144	
	142	
	142	
	132	
	119	
	116	
	144	
	162	
	201	
	204	
	212	
	191	
	215	
	203	
	188	
	188	
	178	
	178	
	208	
	198	
	181	
	182	
	184	
	117	
	182	
	176	
	176	
	174	
	180	
	179	
	170	
	165	
	196	
	235	
	239	
	186	
	179	
	214	
	200	
	191	
	180	
	173	
	174	
	174	
	177	
	172	
	191	
	205	
	206	
	193	
	199	
	204	
	190	
	183	
	142	
	189	
	190	
	207	
	207	
	147	
	182	
	182	
	187	
	195	
	163	
	188	
	195	
	189	
	197	
	168	
	212	
	206	
	189	
	190	
	182	
	182	
	159	
	169	
	168	
	145	
	171	
	170	
	177	
	197	
	103	
	218	
	218	
	155	
	188	
	187	
	187	
	193	
	194	
	218	
	218	
	203	
	215	
	215	
	202	
	203	
	145	
	183	
	183	
	192	
	197	
	206	
	205	
	201	
	166	
	175	
	220	
	220	
	217	
	214	
	186	
	144	
	177	
	184	
	216	
	218	
	172	
	172	
	123	
	196	
	212	
	206	
	212	
	208	
	206	
	209	
	208	
	208	
	203	
	206	
	205	
	147	
	197	
	193	
	97	
	183	
	204	
	216	
	192	
	171	
	194	
	195	
	194	
	201	
	202	
	186	
	150	
	146	
	165	
	164	
	164	
	165	
	168	
	179	
	181	
	180	
	178	
	178	
	203	
	194	
	181	
	167	
	144	
	199	
	232	
	233	
	208	
	196	
	196	
	189	
	152	
	151	
	152	
	175	
	175	
	184	
	180	
	171	
	177	
	178	
	235	
	235	
	176	
	186	
	200	
	234	
	233	
	201	
	161	
	160	
	146	
	203	
	183	
	177	
	178	
	191	
	200	
	200	
	211	
	213	
	206	
	174	
	206	
	201	
	183	
	218	
	218	
	217	
	218	
	220	
	221	
	212	
	211	
	211	
	208	
	190	
	172	
	177	
	174	
	195	
	194	
	161	
	243	
	243	
	223	
	218	
	212	
	197	
	209	
	212	
	222	
	220	
	195	
	180	
	173	
	197	
	196	
	193	
	193	
	178	
	179	
	164	
	164	
	163	
	164	
	162	
	162	
	179	
	188	
	188	
	216	
	212	
	234	
	241	
	110	
	245	
	246	
	193	
	207	
	189	
	171	
	136	
	153	
	192	
	192	
	188	
	188	
	126	
	105	
	107	
	131	
	131	
	177	
	186	
	209	
	216	
	121	
	127	
	172	
	205	
	214	
	214	
	219	
	232	
	235	
	219	
	202	
	200	
	163	
	163	
	215	
	215	
	145	
	188	
	192	
	122	
	192	
	192	
	104	
	121	
	152	
	102	
	138	
	159	
	201	
	214	
	182	
	191	
	186	
	140	
	180	
	179	
	175	
	175	
	155	
	214	
	209	
	190	
	189	
	219	
	219	
	115	
	110	
	189	
	198	
	213	
	206	
	149	
	255	
	256	
	216	
	216	
	205	
	215	
	211	
	201	
	195	
	193	
	178	
	165	
	164	
	131	
	163	
	155	
	162	
	164	
	152	
	183	
	182	
	197	
	170	
	127	
	154	
	154	
	146	
	197	
	213	
	213	
	245	
	244	
	211	
	158	
	198	
	200	
	195	
	216	
	178	
	194	
	182	
	182	
	179	
	203	
	204	
	175	
	149	
	190	
	192	
	203	
	203	
	181	
	180	
	161	
	149	
	150	
	101	
	127	
	128	
	93	
	109	
	119	
	125	
	188	
	194	
	164	
	171	
	205	
	204	
	167	
	98	
	135	
	126	
	118	
	161	
	161	
	155	
	160	
	208	
	209	
	182	
	123	
	201	
	200	
	194	
	259	
	256	
	215	
	231	
	232	
	224	
	224	
	209	
	242	
	237	
	215	
	255	
	255	
	217	
	267	
	266	
	168	
	201	
	212	
	212	
	188	
	138	
	135	
	179	
	185	
	115	
	179	
	180	
	176	
	202	
	202	
	181	
	186	
	211	
	210	
	198	
	194	
	190	
	193	
	204	
	202	
	201	
	202	
	197	
	210	
	218	
	215	
	212	
	212	
	211	
	213	
	213	
	229	
	228	
	203	
	211	
	212	
	138	
	192	
	196	
	138	
	147	
	155	
	161	
	206	
	206	
	159	
	158	
	133	
	197	
	195	
	140	
	173	
	174	
	136	
	168	
	168	
	180	
	180	
	173	
	234	
	233	
	204	
	204	
	224	
	228	
	214	
	216	
	216	
	220	
	210	
	229	
	210	
	193	
	211	
	210	
	175	
	161	
	195	
	198	
	197	
	197	
	179	
	199	
	206	
	207	
	210	
	159	
	217	
	218	
	249	
	255	
	255	
	260	
	251	
	231	
	169	
	190	
	235	
	236	
	206	
	233	
	232	
	178	
	178	
	175	
	174	
	166	
	156	
	180	
	203	
	186	
	195	
	201	
	183	
	234	
	242	
	241	
	235	
	236	
	242	
	242	
	230	
	216	
	207	
	208	
	188	
	215	
	214	
	206	
	199	
	160	
	161	
	165	
	164	
	163	
	180	
	179	
	178	
	175	
	148	
	173	
	173	
	205	
	205	
	205	
	200	
	167	
	165	
	166	
	167	
	169	
	237	
	237	
	212	
	215	
	215	
	223	
	219	
	234	
	234	
	235	
	237	
	237	
	172	
	228	
	226	
	199	
	202	
	203	
	167	
	108	
	150	
	151	
	195	
	194	
	198	
	211	
	178	
	204	
	204	
	169	
	206	
	208	
	208	
	206	
	124	
	160	
	161	
	171	
	228	
	230	
	196	
	212	
	191	
	168	
	156	
	156	
	193	
	196	
	195	
	195	
	194	
	189	
	193	
	194	
	203	
	190	
	188	
	183	
	130	
	127	
	119	
	139	
	142	
	118	
	118	
	78	
	77	
	76	
	74	
	32	
	23	
	22	
	21	
	21	
	9	
	6	
	6	
	6	
	4	
	2	
	1	
	1	
	2	
	2	
	1	
	1	
	1	
	1	
