	130	
	160	
	162	
	167	
	167	
	157	
	187	
	147	
	203	
	211	
	226	
	226	
	216	
	201	
	187	
	170	
	171	
	155	
	260	
	269	
	191	
	208	
	219	
	223	
	244	
	244	
	228	
	250	
	251	
	294	
	294	
	229	
	242	
	269	
	273	
	248	
	247	
	190	
	173	
	173	
	165	
	177	
	225	
	240	
	240	
	235	
	235	
	232	
	247	
	248	
	251	
	252	
	229	
	153	
	158	
	158	
	158	
	161	
	162	
	157	
	158	
	193	
	204	
	205	
	245	
	244	
	252	
	256	
	231	
	245	
	278	
	277	
	242	
	234	
	235	
	237	
	268	
	265	
	251	
	215	
	231	
	223	
	211	
	211	
	198	
	199	
	200	
	227	
	229	
	213	
	194	
	242	
	235	
	215	
	213	
	176	
	193	
	193	
	156	
	168	
	239	
	239	
	186	
	186	
	193	
	198	
	197	
	197	
	169	
	205	
	216	
	216	
	193	
	192	
	189	
	184	
	187	
	188	
	189	
	178	
	179	
	177	
	177	
	212	
	211	
	212	
	212	
	214	
	242	
	256	
	264	
	264	
	209	
	227	
	207	
	207	
	221	
	238	
	239	
	209	
	187	
	185	
	149	
	150	
	150	
	189	
	189	
	195	
	210	
	211	
	215	
	204	
	211	
	229	
	229	
	230	
	218	
	221	
	231	
	232	
	223	
	210	
	237	
	232	
	196	
	214	
	221	
	222	
	222	
	220	
	255	
	254	
	246	
	264	
	261	
	224	
	223	
	176	
	230	
	225	
	203	
	192	
	167	
	251	
	236	
	202	
	295	
	296	
	163	
	238	
	240	
	246	
	263	
	264	
	257	
	215	
	235	
	236	
	181	
	162	
	168	
	169	
	202	
	223	
	254	
	257	
	256	
	255	
	274	
	274	
	295	
	293	
	265	
	243	
	242	
	222	
	229	
	234	
	239	
	239	
	233	
	169	
	185	
	183	
	184	
	183	
	193	
	204	
	204	
	194	
	168	
	221	
	223	
	222	
	220	
	190	
	205	
	205	
	205	
	213	
	199	
	197	
	170	
	166	
	149	
	153	
	185	
	196	
	198	
	211	
	216	
	234	
	235	
	219	
	196	
	212	
	211	
	180	
	131	
	135	
	157	
	197	
	202	
	201	
	212	
	212	
	239	
	239	
	216	
	223	
	229	
	226	
	224	
	213	
	222	
	233	
	236	
	238	
	221	
	223	
	228	
	226	
	189	
	186	
	186	
	158	
	172	
	172	
	163	
	172	
	153	
	153	
	223	
	233	
	243	
	244	
	234	
	255	
	256	
	282	
	270	
	207	
	186	
	187	
	203	
	201	
	170	
	179	
	180	
	194	
	199	
	199	
	197	
	161	
	151	
	177	
	215	
	215	
	205	
	206	
	198	
	208	
	201	
	187	
	186	
	174	
	166	
	147	
	136	
	179	
	180	
	200	
	269	
	269	
	243	
	239	
	238	
	235	
	217	
	216	
	237	
	236	
	230	
	225	
	219	
	197	
	132	
	188	
	240	
	239	
	257	
	257	
	222	
	222	
	226	
	227	
	273	
	274	
	240	
	240	
	220	
	232	
	221	
	226	
	228	
	221	
	213	
	204	
	211	
	224	
	224	
	247	
	247	
	221	
	241	
	241	
	180	
	166	
	218	
	224	
	236	
	235	
	194	
	194	
	181	
	211	
	229	
	184	
	191	
	193	
	261	
	262	
	179	
	204	
	221	
	232	
	212	
	211	
	203	
	169	
	194	
	200	
	188	
	195	
	195	
	236	
	232	
	120	
	194	
	212	
	179	
	247	
	246	
	199	
	220	
	240	
	241	
	231	
	219	
	228	
	235	
	223	
	207	
	165	
	205	
	215	
	215	
	223	
	226	
	199	
	192	
	217	
	217	
	223	
	224	
	199	
	200	
	189	
	155	
	229	
	227	
	265	
	266	
	201	
	202	
	145	
	180	
	198	
	230	
	230	
	222	
	218	
	240	
	247	
	247	
	248	
	244	
	212	
	162	
	234	
	229	
	112	
	191	
	194	
	206	
	192	
	202	
	207	
	215	
	257	
	260	
	228	
	228	
	217	
	218	
	187	
	193	
	224	
	225	
	210	
	233	
	234	
	216	
	224	
	227	
	198	
	176	
	171	
	203	
	199	
	189	
	267	
	268	
	257	
	256	
	203	
	206	
	192	
	211	
	212	
	232	
	233	
	238	
	238	
	204	
	254	
	256	
	261	
	262	
	208	
	214	
	215	
	241	
	242	
	181	
	189	
	187	
	182	
	232	
	233	
	250	
	251	
	212	
	211	
	213	
	220	
	228	
	210	
	192	
	234	
	229	
	198	
	218	
	242	
	257	
	266	
	266	
	254	
	241	
	250	
	247	
	231	
	232	
	206	
	220	
	220	
	223	
	217	
	179	
	276	
	279	
	251	
	248	
	229	
	240	
	239	
	228	
	244	
	244	
	228	
	229	
	234	
	238	
	238	
	238	
	227	
	241	
	240	
	232	
	224	
	224	
	207	
	214	
	213	
	181	
	227	
	240	
	248	
	249	
	253	
	250	
	123	
	273	
	274	
	237	
	237	
	168	
	182	
	183	
	181	
	182	
	240	
	242	
	173	
	173	
	161	
	133	
	156	
	188	
	187	
	191	
	191	
	204	
	171	
	179	
	184	
	185	
	203	
	219	
	262	
	264	
	237	
	238	
	245	
	242	
	245	
	245	
	238	
	236	
	163	
	195	
	188	
	143	
	202	
	193	
	154	
	154	
	142	
	121	
	162	
	160	
	178	
	192	
	171	
	173	
	171	
	152	
	213	
	213	
	174	
	191	
	194	
	251	
	245	
	234	
	232	
	212	
	204	
	170	
	187	
	182	
	174	
	230	
	224	
	167	
	308	
	298	
	270	
	270	
	223	
	227	
	240	
	211	
	227	
	223	
	213	
	206	
	168	
	155	
	210	
	211	
	213	
	212	
	168	
	235	
	233	
	186	
	159	
	147	
	166	
	167	
	180	
	185	
	187	
	190	
	237	
	234	
	188	
	177	
	195	
	196	
	231	
	232	
	192	
	243	
	242	
	217	
	232	
	232	
	200	
	195	
	192	
	204	
	213	
	242	
	239	
	198	
	198	
	179	
	179	
	139	
	120	
	165	
	141	
	134	
	144	
	144	
	129	
	177	
	177	
	179	
	180	
	215	
	219	
	137	
	112	
	144	
	149	
	149	
	187	
	211	
	211	
	199	
	210	
	199	
	166	
	143	
	231	
	221	
	218	
	281	
	277	
	277	
	274	
	236	
	242	
	242	
	221	
	259	
	254	
	235	
	255	
	264	
	237	
	285	
	278	
	195	
	202	
	213	
	214	
	207	
	208	
	207	
	208	
	199	
	140	
	157	
	241	
	246	
	247	
	229	
	228	
	232	
	232	
	238	
	230	
	229	
	229	
	230	
	238	
	241	
	240	
	235	
	241	
	241	
	242	
	258	
	265	
	249	
	249	
	244	
	245	
	243	
	250	
	250	
	234	
	215	
	158	
	206	
	207	
	206	
	189	
	189	
	186	
	227	
	220	
	223	
	224	
	145	
	205	
	201	
	162	
	174	
	172	
	150	
	173	
	201	
	212	
	221	
	222	
	222	
	257	
	262	
	236	
	244	
	244	
	273	
	279	
	278	
	274	
	239	
	240	
	231	
	223	
	226	
	227	
	216	
	213	
	212	
	212	
	233	
	233	
	216	
	212	
	212	
	225	
	228	
	178	
	218	
	235	
	236	
	239	
	276	
	273	
	241	
	236	
	225	
	225	
	243	
	265	
	225	
	231	
	255	
	256	
	206	
	212	
	211	
	208	
	205	
	184	
	237	
	231	
	230	
	230	
	204	
	216	
	254	
	280	
	280	
	274	
	274	
	254	
	222	
	219	
	215	
	229	
	233	
	218	
	218	
	217	
	216	
	213	
	200	
	178	
	184	
	193	
	236	
	237	
	250	
	250	
	159	
	181	
	195	
	216	
	221	
	246	
	249	
	202	
	213	
	212	
	220	
	223	
	232	
	247	
	247	
	247	
	246	
	250	
	251	
	277	
	276	
	255	
	251	
	254	
	190	
	243	
	240	
	213	
	229	
	229	
	167	
	135	
	174	
	194	
	221	
	221	
	237	
	236	
	194	
	207	
	206	
	185	
	241	
	255	
	259	
	244	
	143	
	166	
	200	
	203	
	247	
	245	
	245	
	245	
	190	
	213	
	219	
	185	
	246	
	247	
	221	
	244	
	238	
	215	
	220	
	210	
	198	
	207	
	204	
	155	
	141	
	157	
	153	
	142	
	135	
	118	
	114	
	92	
	90	
	82	
	82	
	27	
	24	
	25	
	25	
	22	
	9	
	6	
	6	
	6	
	4	
	2	
	1	
	1	
	2	
	2	
	1	
	1	
	1	
	1	
