	1	
	9	
	10	
	39	
	44	
	47	
	48	
	48	
	44	
	37	
	57	
	55	
	60	
	57	
	61	
	61	
	46	
	45	
	30	
	46	
	40	
	29	
	53	
	55	
	38	
	71	
	68	
	62	
	53	
	44	
	67	
	68	
	63	
	64	
	59	
	69	
	68	
	63	
	62	
	50	
	69	
	68	
	30	
	57	
	57	
	24	
	50	
	66	
	66	
	62	
	62	
	59	
	71	
	69	
	34	
	23	
	17	
	39	
	37	
	53	
	53	
	61	
	60	
	35	
	61	
	58	
	28	
	55	
	67	
	67	
	61	
	61	
	51	
	48	
	40	
	39	
	37	
	30	
	57	
	59	
	44	
	52	
	52	
	50	
	27	
	71	
	70	
	48	
	47	
	57	
	68	
	49	
	48	
	49	
	58	
	57	
	30	
	67	
	68	
	44	
	44	
	35	
	35	
	51	
	56	
	57	
	63	
	61	
	62	
	61	
	49	
	51	
	57	
	43	
	55	
	56	
	58	
	48	
	20	
	39	
	43	
	53	
	56	
	58	
	58	
	58	
	45	
	46	
	45	
	48	
	53	
	53	
	54	
	33	
	44	
	43	
	46	
	53	
	64	
	62	
	25	
	71	
	73	
	12	
	71	
	72	
	43	
	44	
	43	
	43	
	43	
	43	
	43	
	52	
	35	
	26	
	23	
	44	
	39	
	26	
	37	
	40	
	42	
	28	
	39	
	39	
	29	
	52	
	51	
	44	
	46	
	47	
	52	
	75	
	76	
	59	
	45	
	55	
	56	
	60	
	60	
	49	
	39	
	72	
	72	
	90	
	89	
	47	
	46	
	28	
	31	
	46	
	68	
	68	
	67	
	60	
	57	
	61	
	62	
	55	
	43	
	56	
	54	
	48	
	48	
	41	
	46	
	47	
	41	
	50	
	53	
	68	
	67	
	27	
	45	
	63	
	63	
	63	
	56	
	63	
	66	
	41	
	62	
	64	
	47	
	48	
	32	
	33	
	58	
	60	
	44	
	52	
	53	
	37	
	34	
	33	
	58	
	59	
	18	
	34	
	48	
	48	
	35	
	58	
	58	
	22	
	68	
	74	
	18	
	51	
	59	
	60	
	60	
	29	
	42	
	41	
	41	
	52	
	51	
	37	
	71	
	64	
	59	
	66	
	60	
	53	
	51	
	59	
	57	
	53	
	53	
	49	
	43	
	49	
	45	
	68	
	60	
	60	
	62	
	24	
	25	
	58	
	59	
	48	
	50	
	18	
	32	
	43	
	55	
	70	
	70	
	47	
	38	
	44	
	45	
	55	
	54	
	55	
	52	
	59	
	63	
	48	
	51	
	47	
	40	
	31	
	46	
	52	
	60	
	56	
	27	
	27	
	32	
	49	
	53	
	70	
	65	
	54	
	47	
	45	
	41	
	77	
	75	
	18	
	36	
	49	
	26	
	44	
	45	
	47	
	49	
	49	
	60	
	59	
	53	
	53	
	53	
	59	
	54	
	53	
	60	
	60	
	40	
	58	
	57	
	43	
	42	
	42	
	41	
	28	
	32	
	46	
	57	
	43	
	57	
	63	
	62	
	56	
	24	
	19	
	66	
	66	
	26	
	26	
	40	
	31	
	48	
	47	
	57	
	73	
	73	
	54	
	53	
	68	
	67	
	31	
	26	
	45	
	44	
	59	
	62	
	54	
	46	
	35	
	35	
	42	
	59	
	69	
	71	
	62	
	73	
	74	
	53	
	31	
	43	
	42	
	44	
	43	
	56	
	60	
	24	
	63	
	66	
	70	
	70	
	32	
	21	
	31	
	31	
	50	
	51	
	50	
	49	
	49	
	52	
	42	
	36	
	49	
	48	
	77	
	79	
	44	
	49	
	59	
	74	
	74	
	72	
	72	
	73	
	75	
	55	
	26	
	27	
	48	
	44	
	52	
	52	
	60	
	60	
	39	
	50	
	50	
	36	
	63	
	55	
	54	
	59	
	60	
	59	
	62	
	61	
	32	
	46	
	64	
	69	
	37	
	31	
	44	
	56	
	74	
	74	
	32	
	62	
	63	
	67	
	67	
	60	
	59	
	49	
	42	
	52	
	51	
	48	
	47	
	42	
	62	
	64	
	41	
	41	
	29	
	30	
	31	
	40	
	42	
	47	
	65	
	65	
	27	
	59	
	72	
	69	
	57	
	48	
	47	
	43	
	48	
	47	
	47	
	54	
	55	
	77	
	78	
	46	
	70	
	70	
	69	
	65	
	66	
	71	
	71	
	48	
	42	
	51	
	45	
	36	
	18	
	42	
	44	
	17	
	33	
	48	
	30	
	37	
	40	
	40	
	57	
	58	
	55	
	53	
	52	
	52	
	47	
	54	
	53	
	60	
	70	
	70	
	73	
	72	
	45	
	70	
	57	
	48	
	64	
	58	
	32	
	50	
	49	
	40	
	41	
	32	
	37	
	46	
	47	
	51	
	51	
	57	
	34	
	38	
	45	
	45	
	44	
	33	
	29	
	32	
	57	
	56	
	48	
	68	
	79	
	80	
	64	
	42	
	58	
	60	
	59	
	58	
	54	
	53	
	41	
	37	
	45	
	65	
	65	
	39	
	55	
	56	
	66	
	65	
	27	
	50	
	50	
	60	
	64	
	35	
	42	
	36	
	27	
	28	
	39	
	49	
	65	
	65	
	57	
	50	
	36	
	37	
	51	
	50	
	34	
	48	
	54	
	34	
	64	
	63	
	64	
	60	
	66	
	66	
	36	
	39	
	37	
	43	
	39	
	57	
	51	
	37	
	36	
	37	
	19	
	42	
	80	
	80	
	49	
	23	
	21	
	42	
	41	
	31	
	49	
	78	
	77	
	65	
	63	
	42	
	50	
	52	
	61	
	61	
	48	
	101	
	101	
	22	
	25	
	25	
	23	
	23	
	49	
	57	
	61	
	58	
	64	
	63	
	53	
	51	
	34	
	39	
	39	
	37	
	50	
	49	
	45	
	43	
	43	
	74	
	75	
	75	
	72	
	51	
	64	
	63	
	48	
	72	
	73	
	50	
	64	
	63	
	49	
	59	
	60	
	43	
	43	
	56	
	67	
	64	
	63	
	55	
	54	
	55	
	60	
	62	
	45	
	43	
	43	
	39	
	32	
	54	
	55	
	71	
	71	
	62	
	62	
	34	
	14	
	44	
	67	
	76	
	32	
	31	
	42	
	58	
	64	
	73	
	82	
	82	
	35	
	56	
	56	
	50	
	57	
	58	
	59	
	59	
	37	
	34	
	45	
	60	
	60	
	49	
	50	
	50	
	51	
	45	
	50	
	50	
	51	
	47	
	61	
	61	
	74	
	74	
	56	
	70	
	72	
	55	
	46	
	57	
	57	
	43	
	54	
	55	
	41	
	48	
	48	
	37	
	42	
	63	
	64	
	50	
	33	
	48	
	46	
	34	
	58	
	69	
	47	
	62	
	61	
	32	
	28	
	47	
	51	
	39	
	73	
	73	
	39	
	41	
	56	
	57	
	54	
	71	
	72	
	51	
	60	
	58	
	67	
	64	
	49	
	67	
	66	
	27	
	43	
	46	
	28	
	28	
	32	
	53	
	58	
	59	
	58	
	57	
	52	
	30	
	23	
	16	
	80	
	76	
	46	
	45	
	45	
	49	
	64	
	64	
	47	
	48	
	50	
	53	
	50	
	51	
	54	
	51	
	45	
	45	
	36	
	55	
	60	
	59	
	55	
	51	
	55	
	57	
	34	
	26	
	27	
	58	
	58	
	57	
	55	
	61	
	58	
	49	
	72	
	71	
	68	
	67	
	45	
	44	
	58	
	65	
	64	
	46	
	48	
	45	
	47	
	61	
	61	
	58	
	48	
	48	
	53	
	62	
	63	
	60	
	56	
	53	
	54	
	53	
	53	
	61	
	60	
	64	
	64	
	62	
	58	
	61	
	59	
	65	
	60	
	46	
	46	
	66	
	65	
	54	
	52	
	45	
	48	
	42	
	28	
	36	
	38	
	31	
	35	
	34	
	36	
	36	
	42	
	67	
	69	
	45	
	63	
	68	
	65	
	65	
	61	
	64	
	65	
	58	
	79	
	79	
	59	
	60	
	63	
	44	
	33	
	53	
	53	
	69	
	70	
	32	
	46	
	48	
	43	
	48	
	50	
	38	
	39	
	48	
	61	
	66	
	34	
	55	
	59	
	60	
	62	
	49	
	33	
	54	
	53	
	60	
	62	
	64	
	64	
	63	
	65	
	64	
	63	
	62	
	68	
	68	
	49	
	34	
	34	
	26	
	48	
	48	
	49	
	50	
	50	
	52	
	67	
	66	
	59	
	61	
	61	
	50	
	50	
	33	
	37	
	26	
	27	
	25	
	24	
	26	
	10	
	12	
	7	
	7	
	3	
	4	
	5	
	6	
	2	
	1	
	1	
	2	
	2	
	1	
	1	
	1	
	1	
