	21	
	21	
	28	
	53	
	54	
	74	
	85	
	84	
	112	
	112	
	82	
	115	
	114	
	92	
	81	
	74	
	51	
	53	
	54	
	53	
	53	
	46	
	82	
	81	
	67	
	62	
	88	
	93	
	92	
	93	
	108	
	111	
	90	
	81	
	77	
	103	
	105	
	119	
	119	
	72	
	81	
	70	
	53	
	54	
	56	
	56	
	59	
	60	
	102	
	110	
	98	
	106	
	106	
	91	
	86	
	85	
	34	
	63	
	62	
	83	
	90	
	97	
	87	
	53	
	103	
	103	
	70	
	69	
	124	
	121	
	116	
	114	
	112	
	105	
	79	
	78	
	74	
	57	
	82	
	95	
	78	
	98	
	95	
	72	
	40	
	141	
	140	
	101	
	100	
	77	
	82	
	83	
	91	
	104	
	82	
	82	
	44	
	91	
	108	
	108	
	89	
	57	
	88	
	86	
	70	
	93	
	92	
	117	
	117	
	100	
	99	
	87	
	88	
	68	
	94	
	97	
	69	
	68	
	44	
	44	
	80	
	83	
	77	
	78	
	117	
	117	
	87	
	109	
	110	
	110	
	104	
	103	
	100	
	52	
	91	
	93	
	93	
	97	
	99	
	98	
	42	
	74	
	57	
	33	
	92	
	88	
	85	
	79	
	67	
	99	
	95	
	103	
	104	
	103	
	96	
	76	
	76	
	64	
	89	
	88	
	74	
	73	
	68	
	67	
	67	
	75	
	58	
	104	
	105	
	95	
	94	
	88	
	97	
	94	
	79	
	73	
	79	
	76	
	67	
	82	
	75	
	93	
	94	
	112	
	121	
	120	
	121	
	126	
	131	
	52	
	98	
	118	
	119	
	104	
	91	
	106	
	107	
	78	
	89	
	100	
	101	
	84	
	116	
	110	
	79	
	84	
	92	
	108	
	109	
	79	
	93	
	89	
	81	
	84	
	79	
	81	
	81	
	104	
	110	
	112	
	114	
	61	
	124	
	126	
	92	
	109	
	98	
	94	
	104	
	97	
	57	
	80	
	80	
	80	
	58	
	46	
	93	
	76	
	75	
	76	
	96	
	95	
	51	
	78	
	74	
	33	
	124	
	123	
	57	
	58	
	54	
	72	
	88	
	47	
	91	
	91	
	75	
	74	
	70	
	57	
	81	
	91	
	91	
	115	
	119	
	107	
	108	
	85	
	74	
	73	
	73	
	76	
	74	
	78	
	77	
	75	
	73	
	111	
	118	
	87	
	91	
	90	
	84	
	84	
	84	
	63	
	79	
	77	
	67	
	112	
	111	
	70	
	88	
	88	
	101	
	102	
	86	
	93	
	94	
	109	
	109	
	87	
	87	
	49	
	68	
	70	
	67	
	98	
	98	
	75	
	84	
	84	
	69	
	86	
	88	
	93	
	93	
	86	
	75	
	65	
	64	
	152	
	148	
	37	
	52	
	39	
	41	
	87	
	86	
	86	
	91	
	82	
	101	
	101	
	102	
	102	
	86	
	85	
	97	
	95	
	129	
	125	
	54	
	79	
	91	
	92	
	66	
	61	
	73	
	74	
	76	
	95	
	94	
	81	
	109	
	110	
	82	
	83	
	81	
	86	
	83	
	63	
	63	
	90	
	93	
	66	
	63	
	86	
	115	
	116	
	132	
	133	
	97	
	95	
	87	
	99	
	100	
	81	
	88	
	90	
	85	
	86	
	89	
	88	
	89	
	88	
	73	
	87	
	102	
	101	
	87	
	80	
	80	
	80	
	77	
	91	
	87	
	78	
	74	
	61	
	39	
	86	
	99	
	97	
	98	
	96	
	96	
	52	
	83	
	88	
	106	
	107	
	96	
	83	
	80	
	103	
	98	
	101	
	100	
	135	
	130	
	114	
	114	
	65	
	75	
	112	
	98	
	90	
	83	
	82	
	77	
	88	
	89	
	89	
	96	
	82	
	104	
	104	
	95	
	87	
	86	
	84	
	61	
	81	
	79	
	73	
	104	
	85	
	89	
	89	
	69	
	55	
	55	
	88	
	97	
	67	
	82	
	97	
	65	
	87	
	89	
	48	
	88	
	105	
	109	
	136	
	137	
	105	
	106	
	90	
	107	
	105	
	98	
	92	
	54	
	109	
	108	
	90	
	90	
	85	
	90	
	93	
	87	
	93	
	94	
	128	
	131	
	62	
	77	
	79	
	78	
	94	
	95	
	105	
	106	
	93	
	83	
	77	
	98	
	99	
	114	
	114	
	65	
	66	
	86	
	103	
	116	
	112	
	98	
	96	
	102	
	102	
	91	
	62	
	66	
	60	
	82	
	88	
	90	
	75	
	47	
	62	
	83	
	83	
	66	
	60	
	96	
	95	
	79	
	87	
	103	
	98	
	91	
	109	
	118	
	118	
	112	
	132	
	132	
	61	
	88	
	87	
	90	
	86	
	87	
	70	
	72	
	95	
	95	
	91	
	90	
	88	
	89	
	89	
	91	
	83	
	84	
	96	
	98	
	84	
	79	
	68	
	62	
	64	
	63	
	88	
	90	
	105	
	104	
	101	
	107	
	91	
	92	
	56	
	121	
	118	
	105	
	104	
	71	
	66	
	65	
	64	
	112	
	113	
	72	
	85	
	85	
	83	
	85	
	52	
	54	
	60	
	76	
	75	
	78	
	79	
	52	
	89	
	88	
	95	
	95	
	126	
	126	
	69	
	80	
	87	
	100	
	100	
	70	
	56	
	102	
	103	
	72	
	79	
	78	
	115	
	114	
	92	
	100	
	100	
	93	
	93	
	78	
	80	
	80	
	61	
	76	
	79	
	47	
	84	
	84	
	65	
	67	
	106	
	99	
	97	
	99	
	56	
	73	
	77	
	86	
	98	
	99	
	70	
	55	
	118	
	118	
	93	
	93	
	59	
	127	
	122	
	86	
	85	
	85	
	86	
	80	
	84	
	83	
	85	
	97	
	98	
	86	
	82	
	65	
	65	
	83	
	93	
	62	
	86	
	86	
	60	
	114	
	114	
	115	
	115	
	114	
	101	
	72	
	95	
	93	
	73	
	115	
	106	
	79	
	79	
	80	
	90	
	90	
	107	
	113	
	112	
	112	
	109	
	107	
	110	
	109	
	106	
	106	
	89	
	95	
	95	
	90	
	89	
	89	
	76	
	68	
	86	
	87	
	108	
	105	
	47	
	49	
	47	
	43	
	53	
	62	
	81	
	92	
	93	
	90	
	108	
	108	
	127	
	125	
	52	
	106	
	105	
	61	
	102	
	101	
	78	
	85	
	85	
	84	
	90	
	71	
	94	
	95	
	81	
	82	
	80	
	89	
	88	
	105	
	105	
	106	
	114	
	117	
	119	
	130	
	88	
	101	
	102	
	102	
	108	
	86	
	91	
	102	
	101	
	88	
	63	
	63	
	63	
	59	
	91	
	97	
	96	
	84	
	78	
	78	
	61	
	54	
	75	
	73	
	90	
	90	
	91	
	92	
	87	
	77	
	66	
	54	
	105	
	106	
	99	
	99	
	80	
	86	
	87	
	109	
	108	
	65	
	70	
	73	
	95	
	86	
	85	
	87	
	53	
	53	
	59	
	74	
	50	
	63	
	77	
	79	
	107	
	98	
	69	
	67	
	65	
	41	
	31	
	30	
	73	
	79	
	96	
	113	
	112	
	110	
	108	
	94	
	82	
	81	
	95	
	92	
	90	
	97	
	101	
	98	
	91	
	87	
	83	
	81	
	59	
	77	
	103	
	102	
	87	
	91	
	91	
	87	
	86	
	83	
	77	
	91	
	110	
	109	
	108	
	109	
	110	
	118	
	118	
	97	
	79	
	82	
	116	
	111	
	103	
	102	
	107	
	111	
	111	
	128	
	128	
	79	
	109	
	108	
	79	
	100	
	94	
	94	
	108	
	95	
	103	
	96	
	100	
	99	
	99	
	110	
	109	
	119	
	99	
	117	
	117	
	124	
	125	
	120	
	120	
	118	
	104	
	92	
	92	
	66	
	54	
	57	
	70	
	71	
	69	
	42	
	60	
	59	
	62	
	101	
	104	
	124	
	123	
	58	
	59	
	94	
	119	
	119	
	111	
	110	
	86	
	74	
	130	
	117	
	118	
	118	
	80	
	81	
	85	
	91	
	90	
	89	
	65	
	65	
	96	
	100	
	62	
	76	
	76	
	63	
	77	
	99	
	93	
	86	
	58	
	66	
	83	
	88	
	70	
	70	
	63	
	88	
	113	
	112	
	101	
	104	
	113	
	115	
	114	
	113	
	117	
	119	
	118	
	105	
	90	
	90	
	64	
	64	
	60	
	106	
	103	
	81	
	91	
	91	
	83	
	85	
	83	
	83	
	62	
	61	
	59	
	58	
	47	
	49	
	49	
	41	
	40	
	26	
	16	
	12	
	11	
	9	
	3	
	4	
	6	
	4	
	2	
	1	
	1	
	2	
	2	
	1	
	1	
	1	
	1	
