	66	
	54	
	41	
	68	
	78	
	89	
	129	
	130	
	145	
	150	
	108	
	141	
	134	
	115	
	116	
	110	
	111	
	84	
	100	
	99	
	83	
	88	
	92	
	100	
	125	
	125	
	99	
	98	
	143	
	145	
	149	
	151	
	128	
	123	
	96	
	107	
	163	
	163	
	103	
	98	
	94	
	94	
	97	
	100	
	110	
	118	
	116	
	107	
	102	
	112	
	139	
	141	
	146	
	145	
	102	
	79	
	47	
	75	
	76	
	75	
	96	
	85	
	77	
	75	
	125	
	124	
	153	
	152	
	128	
	147	
	149	
	122	
	121	
	140	
	141	
	104	
	94	
	94	
	84	
	104	
	103	
	101	
	88	
	90	
	86	
	137	
	120	
	119	
	119	
	115	
	137	
	137	
	143	
	143	
	71	
	62	
	61	
	63	
	108	
	107	
	88	
	90	
	95	
	88	
	86	
	122	
	129	
	171	
	179	
	119	
	118	
	114	
	104	
	88	
	124	
	124	
	124	
	106	
	88	
	116	
	130	
	106	
	119	
	132	
	133	
	137	
	116	
	119	
	127	
	127	
	148	
	150	
	83	
	74	
	84	
	104	
	122	
	113	
	147	
	148	
	57	
	80	
	79	
	48	
	126	
	126	
	95	
	89	
	90	
	148	
	150	
	143	
	136	
	115	
	144	
	140	
	89	
	103	
	102	
	129	
	124	
	94	
	91	
	100	
	92	
	106	
	105	
	117	
	126	
	125	
	128	
	127	
	127	
	126	
	106	
	124	
	116	
	122	
	123	
	113	
	113	
	104	
	110	
	123	
	122	
	148	
	157	
	163	
	163	
	76	
	77	
	138	
	160	
	159	
	160	
	159	
	159	
	157	
	158	
	142	
	111	
	98	
	150	
	149	
	137	
	137	
	129	
	153	
	153	
	118	
	119	
	120	
	119	
	109	
	104	
	140	
	140	
	140	
	140	
	140	
	122	
	79	
	142	
	143	
	111	
	114	
	113	
	120	
	110	
	110	
	93	
	103	
	102	
	114	
	112	
	95	
	101	
	103	
	107	
	100	
	100	
	82	
	77	
	81	
	61	
	59	
	133	
	121	
	80	
	79	
	86	
	95	
	94	
	95	
	140	
	140	
	123	
	122	
	83	
	106	
	121	
	120	
	121	
	118	
	137	
	134	
	130	
	124	
	107	
	109	
	101	
	103	
	140	
	138	
	134	
	133	
	124	
	164	
	161	
	102	
	136	
	131	
	128	
	147	
	137	
	75	
	97	
	92	
	76	
	153	
	153	
	84	
	126	
	145	
	143	
	128	
	100	
	140	
	140	
	136	
	158	
	159	
	130	
	64	
	118	
	116	
	83	
	133	
	129	
	127	
	127	
	93	
	91	
	107	
	109	
	109	
	112	
	115	
	136	
	136	
	97	
	162	
	162	
	70	
	74	
	65	
	84	
	83	
	115	
	119	
	119	
	121	
	121	
	155	
	156	
	147	
	147	
	133	
	138	
	138	
	112	
	112	
	107	
	99	
	94	
	112	
	90	
	134	
	134	
	110	
	125	
	125	
	102	
	92	
	171	
	154	
	138	
	139	
	126	
	136	
	139	
	116	
	116	
	108	
	108	
	121	
	120	
	95	
	138	
	172	
	168	
	124	
	109	
	110	
	109	
	132	
	137	
	101	
	132	
	127	
	142	
	141	
	110	
	149	
	141	
	95	
	91	
	112	
	111	
	118	
	118	
	118	
	117	
	117	
	111	
	116	
	116	
	108	
	107	
	98	
	89	
	90	
	102	
	142	
	142	
	148	
	149	
	69	
	127	
	128	
	128	
	136	
	135	
	133	
	143	
	142	
	132	
	135	
	134	
	154	
	150	
	137	
	137	
	99	
	118	
	119	
	109	
	128	
	129	
	135	
	136	
	133	
	125	
	115	
	105	
	102	
	129	
	129	
	110	
	129	
	130	
	102	
	102	
	128	
	133	
	88	
	137	
	138	
	150	
	150	
	81	
	108	
	145	
	143	
	128	
	128	
	118	
	88	
	87	
	172	
	173	
	62	
	114	
	122	
	129	
	132	
	130	
	137	
	131	
	107	
	140	
	133	
	117	
	108	
	69	
	113	
	116	
	105	
	142	
	143	
	118	
	128	
	135	
	134	
	124	
	153	
	149	
	76	
	99	
	136	
	134	
	135	
	145	
	143	
	145	
	140	
	139	
	89	
	141	
	131	
	118	
	116	
	90	
	99	
	100	
	116	
	105	
	154	
	153	
	122	
	165	
	165	
	119	
	120	
	110	
	112	
	111	
	111	
	103	
	106	
	107	
	103	
	105	
	106	
	106	
	106	
	138	
	141	
	150	
	133	
	143	
	144	
	152	
	144	
	144	
	143	
	135	
	159	
	166	
	87	
	108	
	113	
	112	
	122	
	128	
	110	
	100	
	132	
	144	
	146	
	147	
	162	
	160	
	131	
	133	
	139	
	138	
	139	
	149	
	149	
	123	
	123	
	122	
	110	
	109	
	152	
	151	
	135	
	137	
	134	
	159	
	158	
	92	
	70	
	123	
	171	
	164	
	115	
	93	
	140	
	140	
	82	
	166	
	163	
	130	
	129	
	117	
	118	
	90	
	90	
	109	
	107	
	103	
	102	
	108	
	113	
	67	
	157	
	160	
	160	
	150	
	144	
	145	
	92	
	135	
	133	
	144	
	143	
	114	
	116	
	130	
	126	
	96	
	97	
	124	
	125	
	118	
	127	
	127	
	105	
	130	
	130	
	94	
	138	
	138	
	75	
	141	
	138	
	65	
	129	
	129	
	142	
	147	
	114	
	126	
	119	
	94	
	78	
	103	
	98	
	91	
	111	
	124	
	137	
	137	
	130	
	159	
	159	
	123	
	71	
	148	
	144	
	135	
	136	
	123	
	105	
	103	
	128	
	127	
	143	
	143	
	102	
	109	
	122	
	124	
	124	
	124	
	109	
	84	
	118	
	124	
	78	
	148	
	167	
	168	
	149	
	150	
	154	
	90	
	137	
	134	
	87	
	125	
	123	
	126	
	122	
	122	
	124	
	130	
	134	
	134	
	159	
	160	
	141	
	164	
	157	
	141	
	140	
	113	
	107	
	136	
	136	
	117	
	119	
	119	
	116	
	117	
	138	
	146	
	145	
	120	
	69	
	102	
	102	
	55	
	106	
	110	
	111	
	110	
	138	
	139	
	140	
	142	
	157	
	158	
	71	
	130	
	149	
	74	
	117	
	116	
	98	
	132	
	130	
	129	
	148	
	78	
	147	
	152	
	154	
	156	
	157	
	139	
	135	
	141	
	141	
	136	
	143	
	139	
	135	
	129	
	127	
	121	
	124	
	146	
	147	
	151	
	151	
	139	
	141	
	112	
	113	
	94	
	88	
	88	
	85	
	129	
	130	
	99	
	104	
	103	
	118	
	118	
	118	
	123	
	123	
	136	
	137	
	102	
	110	
	125	
	125	
	120	
	126	
	144	
	142	
	131	
	109	
	107	
	133	
	131	
	117	
	118	
	104	
	103	
	104	
	106	
	108	
	96	
	94	
	107	
	114	
	113	
	100	
	99	
	108	
	107	
	116	
	117	
	93	
	93	
	97	
	97	
	71	
	70	
	92	
	113	
	112	
	102	
	112	
	122	
	135	
	134	
	162	
	161	
	134	
	143	
	144	
	154	
	150	
	115	
	128	
	129	
	103	
	93	
	98	
	96	
	141	
	140	
	99	
	138	
	137	
	126	
	145	
	146	
	155	
	156	
	125	
	132	
	143	
	171	
	172	
	143	
	145	
	145	
	117	
	117	
	117	
	143	
	161	
	159	
	147	
	167	
	169	
	170	
	169	
	93	
	136	
	133	
	114	
	115	
	121	
	138	
	139	
	139	
	139	
	147	
	141	
	131	
	119	
	141	
	146	
	146	
	142	
	141	
	145	
	150	
	133	
	114	
	131	
	130	
	112	
	127	
	116	
	114	
	100	
	100	
	89	
	89	
	90	
	88	
	88	
	89	
	107	
	128	
	127	
	151	
	155	
	109	
	109	
	120	
	129	
	129	
	126	
	145	
	145	
	145	
	145	
	153	
	153	
	144	
	143	
	135	
	125	
	113	
	113	
	132	
	131	
	106	
	113	
	114	
	80	
	119	
	122	
	122	
	111	
	123	
	121	
	106	
	103	
	95	
	94	
	123	
	123	
	114	
	114	
	87	
	131	
	133	
	139	
	140	
	145	
	145	
	145	
	160	
	162	
	160	
	119	
	143	
	139	
	128	
	132	
	94	
	94	
	117	
	99	
	92	
	140	
	137	
	102	
	103	
	103	
	93	
	89	
	84	
	68	
	69	
	66	
	66	
	58	
	58	
	47	
	18	
	15	
	15	
	15	
	9	
	5	
	5	
	6	
	4	
	2	
	1	
	1	
	2	
	2	
	1	
	1	
	1	
	1	
