	78	
	61	
	74	
	91	
	106	
	107	
	115	
	116	
	185	
	187	
	125	
	150	
	164	
	161	
	151	
	139	
	128	
	102	
	171	
	169	
	118	
	145	
	146	
	136	
	137	
	161	
	160	
	159	
	160	
	180	
	181	
	140	
	169	
	170	
	166	
	167	
	198	
	207	
	164	
	166	
	119	
	159	
	158	
	126	
	146	
	157	
	157	
	153	
	150	
	149	
	148	
	195	
	196	
	154	
	84	
	72	
	75	
	73	
	80	
	87	
	120	
	121	
	114	
	114	
	152	
	169	
	171	
	179	
	184	
	161	
	170	
	179	
	184	
	183	
	158	
	158	
	143	
	141	
	140	
	142	
	138	
	135	
	154	
	153	
	108	
	111	
	170	
	171	
	162	
	165	
	165	
	182	
	181	
	181	
	106	
	120	
	120	
	110	
	117	
	156	
	156	
	126	
	127	
	129	
	123	
	143	
	155	
	151	
	151	
	152	
	146	
	117	
	121	
	117	
	143	
	143	
	119	
	118	
	117	
	128	
	128	
	133	
	166	
	167	
	148	
	148	
	184	
	187	
	184	
	185	
	189	
	183	
	124	
	123	
	139	
	139	
	155	
	160	
	203	
	203	
	84	
	77	
	77	
	72	
	154	
	154	
	113	
	153	
	152	
	152	
	162	
	161	
	166	
	127	
	136	
	129	
	120	
	126	
	155	
	157	
	146	
	155	
	150	
	133	
	127	
	138	
	138	
	158	
	162	
	172	
	171	
	163	
	160	
	132	
	133	
	201	
	200	
	140	
	175	
	175	
	157	
	159	
	136	
	196	
	195	
	168	
	184	
	183	
	138	
	141	
	141	
	165	
	163	
	170	
	182	
	197	
	176	
	164	
	156	
	144	
	145	
	128	
	200	
	196	
	179	
	179	
	177	
	177	
	179	
	178	
	171	
	174	
	174	
	168	
	155	
	193	
	188	
	136	
	126	
	129	
	133	
	94	
	118	
	138	
	138	
	141	
	161	
	167	
	164	
	118	
	115	
	135	
	139	
	165	
	165	
	141	
	148	
	146	
	143	
	139	
	136	
	109	
	109	
	103	
	130	
	133	
	128	
	135	
	133	
	126	
	125	
	121	
	153	
	152	
	147	
	148	
	194	
	194	
	99	
	125	
	126	
	127	
	135	
	139	
	150	
	165	
	149	
	148	
	161	
	153	
	147	
	132	
	134	
	165	
	161	
	152	
	158	
	154	
	148	
	124	
	166	
	170	
	167	
	173	
	169	
	97	
	119	
	125	
	89	
	183	
	167	
	104	
	145	
	146	
	167	
	174	
	120	
	140	
	194	
	193	
	208	
	208	
	108	
	84	
	172	
	172	
	101	
	149	
	147	
	138	
	118	
	118	
	153	
	155	
	120	
	149	
	149	
	133	
	151	
	151	
	109	
	196	
	177	
	121	
	119	
	87	
	90	
	101	
	118	
	147	
	147	
	168	
	168	
	170	
	169	
	198	
	198	
	145	
	176	
	183	
	156	
	157	
	155	
	155	
	131	
	131	
	104	
	157	
	163	
	126	
	149	
	150	
	142	
	138	
	149	
	194	
	193	
	170	
	170	
	158	
	175	
	173	
	169	
	169	
	168	
	153	
	140	
	115	
	135	
	171	
	181	
	151	
	158	
	164	
	151	
	162	
	157	
	121	
	174	
	173	
	170	
	188	
	126	
	134	
	140	
	160	
	158	
	145	
	157	
	154	
	182	
	182	
	148	
	191	
	190	
	145	
	143	
	143	
	141	
	125	
	161	
	172	
	118	
	129	
	146	
	190	
	191	
	83	
	175	
	176	
	137	
	183	
	156	
	149	
	162	
	172	
	173	
	153	
	155	
	200	
	196	
	199	
	199	
	124	
	151	
	152	
	142	
	141	
	152	
	177	
	179	
	140	
	170	
	170	
	146	
	147	
	166	
	165	
	131	
	140	
	140	
	175	
	175	
	145	
	139	
	107	
	181	
	184	
	192	
	197	
	124	
	124	
	142	
	164	
	188	
	187	
	170	
	169	
	127	
	199	
	196	
	78	
	178	
	177	
	185	
	185	
	145	
	136	
	138	
	138	
	144	
	151	
	135	
	131	
	100	
	119	
	141	
	148	
	140	
	169	
	170	
	150	
	182	
	183	
	144	
	183	
	176	
	147	
	148	
	127	
	185	
	186	
	213	
	212	
	161	
	186	
	198	
	100	
	118	
	171	
	174	
	135	
	143	
	141	
	131	
	150	
	182	
	182	
	181	
	146	
	181	
	175	
	163	
	184	
	187	
	139	
	124	
	123	
	155	
	155	
	152	
	152	
	151	
	147	
	147	
	147	
	146	
	150	
	160	
	149	
	151	
	155	
	161	
	179	
	178	
	182	
	208	
	207	
	189	
	143	
	142	
	177	
	186	
	185	
	171	
	148	
	175	
	173	
	149	
	194	
	198	
	198	
	197	
	187	
	187	
	164	
	178	
	187	
	187	
	176	
	176	
	177	
	153	
	140	
	138	
	175	
	179	
	184	
	180	
	175	
	159	
	122	
	107	
	108	
	108	
	169	
	165	
	152	
	153	
	193	
	193	
	95	
	206	
	205	
	182	
	193	
	194	
	178	
	124	
	145	
	143	
	150	
	169	
	169	
	147	
	125	
	85	
	133	
	157	
	172	
	166	
	194	
	194	
	108	
	152	
	161	
	164	
	176	
	177	
	184	
	185	
	178	
	175	
	163	
	136	
	135	
	135	
	181	
	179	
	127	
	161	
	155	
	110	
	157	
	159	
	88	
	134	
	153	
	75	
	146	
	192	
	195	
	172	
	172	
	131	
	120	
	127	
	116	
	116	
	148	
	150	
	137	
	154	
	153	
	147	
	146	
	197	
	197	
	109	
	92	
	163	
	164	
	174	
	171	
	132	
	186	
	188	
	180	
	186	
	186	
	167	
	162	
	141	
	140	
	164	
	166	
	114	
	111	
	113	
	112	
	115	
	108	
	126	
	197	
	208	
	164	
	178	
	173	
	106	
	135	
	112	
	106	
	193	
	194	
	181	
	182	
	192	
	192	
	137	
	174	
	177	
	217	
	221	
	159	
	194	
	186	
	161	
	145	
	139	
	154	
	151	
	146	
	133	
	149	
	202	
	201	
	153	
	171	
	171	
	125	
	94	
	81	
	104	
	104	
	75	
	125	
	136	
	138	
	142	
	156	
	160	
	173	
	164	
	179	
	178	
	85	
	121	
	139	
	98	
	132	
	127	
	112	
	176	
	177	
	177	
	182	
	105	
	173	
	177	
	202	
	202	
	196	
	197	
	192	
	189	
	181	
	182	
	164	
	165	
	187	
	186	
	187	
	181	
	173	
	188	
	188	
	161	
	171	
	179	
	193	
	196	
	168	
	113	
	143	
	135	
	101	
	149	
	142	
	142	
	143	
	143	
	147	
	161	
	162	
	160	
	168	
	166	
	161	
	158	
	141	
	135	
	154	
	159	
	164	
	176	
	184	
	187	
	180	
	188	
	187	
	163	
	160	
	159	
	158	
	171	
	171	
	171	
	122	
	162	
	164	
	119	
	155	
	154	
	144	
	192	
	192	
	169	
	168	
	122	
	114	
	114	
	114	
	123	
	116	
	101	
	98	
	130	
	125	
	120	
	172	
	173	
	169	
	157	
	188	
	195	
	194	
	185	
	169	
	172	
	148	
	149	
	179	
	178	
	153	
	154	
	148	
	147	
	144	
	163	
	124	
	123	
	167	
	168	
	169	
	183	
	202	
	201	
	139	
	176	
	188	
	192	
	191	
	206	
	207	
	189	
	191	
	160	
	185	
	185	
	178	
	193	
	183	
	182	
	183	
	167	
	156	
	116	
	123	
	170	
	179	
	179	
	163	
	168	
	173	
	165	
	168	
	168	
	165	
	166	
	179	
	178	
	203	
	203	
	208	
	208	
	190	
	190	
	148	
	149	
	163	
	162	
	154	
	155	
	143	
	130	
	142	
	141	
	151	
	142	
	120	
	128	
	147	
	150	
	156	
	157	
	180	
	180	
	142	
	127	
	164	
	198	
	200	
	168	
	167	
	167	
	197	
	217	
	216	
	190	
	186	
	185	
	181	
	179	
	166	
	167	
	152	
	152	
	135	
	134	
	161	
	166	
	93	
	117	
	117	
	157	
	160	
	164	
	163	
	156	
	153	
	146	
	140	
	180	
	173	
	172	
	172	
	106	
	168	
	166	
	164	
	171	
	172	
	186	
	186	
	186	
	185	
	175	
	139	
	181	
	182	
	167	
	160	
	131	
	143	
	152	
	152	
	151	
	153	
	154	
	154	
	140	
	140	
	124	
	95	
	94	
	92	
	92	
	91	
	75	
	63	
	67	
	42	
	20	
	17	
	18	
	18	
	8	
	6	
	5	
	6	
	4	
	2	
	1	
	1	
	2	
	2	
	1	
	1	
	1	
	1	
